1.245044e+01
1.298103e+01
1.096043e+01
1.336771e+01
1.069023e+01
5.316857e+00
3.325120e+00
2.199438e+00
1.730070e+00
1.366112e+00
1.052019e+00
7.714149e-01
6.306758e-01
3.988896e-01
2.413018e-01
2.077103e-01
1.460587e-01
1.282728e-01
1.160590e-01
9.560871e-02
8.935554e-02
8.545230e-02
8.009348e-02
7.652258e-02
7.320441e-02
7.011105e-02
6.721613e-02
6.450184e-02
6.195036e-02
5.954865e-02
5.728374e-02
5.514533e-02
5.312361e-02
5.121009e-02
4.939717e-02
4.767766e-02
4.604561e-02
4.449478e-02
4.302050e-02
4.161728e-02
4.028144e-02
3.900809e-02
3.779434e-02
3.663579e-02
3.553024e-02
3.447363e-02
3.346434e-02
3.249864e-02
3.156123e-02
2.935188e-02
2.790523e-02
2.701336e-02
2.633300e-02
2.547203e-02
2.482881e-02
2.414239e-02
2.289926e-02
2.174152e-02
2.105072e-02
1.639381e-02
1.596195e-02
1.553525e-02
1.488722e-02
1.454758e-02
1.174070e-02
1.153797e-02
1.118341e-02
1.081854e-02
1.053917e-02
9.034608e-03
9.704688e-03
8.506136e-03
8.178884e-03
7.975323e-03
7.832942e-03
7.695701e-03
7.562418e-03
7.432831e-03
7.306539e-03
7.183560e-03
7.063623e-03
6.944873e-03
6.672397e-03
6.462783e-03
6.327812e-03
6.223384e-03
6.108249e-03
6.013034e-03
5.884357e-03
5.769156e-03
5.671195e-03
5.572361e-03
5.488887e-03
5.369735e-03
5.284322e-03
5.196675e-03
5.015396e-03
4.855383e-03
4.751389e-03
4.025712e-03
4.103387e-03
3.855768e-03
3.801959e-03
3.717683e-03
3.660052e-03
3.603649e-03
3.548539e-03
3.493114e-03
3.372235e-03
3.270951e-03
3.204707e-03
2.729998e-03
2.775641e-03
2.618555e-03
2.583192e-03
2.527191e-03
2.489052e-03
2.451735e-03
2.415218e-03
2.378876e-03
2.297082e-03
2.230873e-03
2.187239e-03
1.872397e-03
1.917490e-03
1.796415e-03
1.772405e-03
1.735611e-03
1.710150e-03
1.685235e-03
1.660205e-03
1.605619e-03
1.559507e-03
1.528915e-03
1.313470e-03
1.351703e-03
1.260522e-03
1.243830e-03
1.218858e-03
1.201369e-03
1.184052e-03
1.144913e-03
1.113067e-03
1.091863e-03
9.399888e-04
9.657197e-04
9.027402e-04
8.909867e-04
8.732736e-04
8.609110e-04
8.487548e-04
8.207457e-04
7.984412e-04
7.835122e-04
6.763426e-04
6.984682e-04
6.495569e-04
6.411371e-04
6.287642e-04
6.200254e-04
6.110883e-04
5.929108e-04
5.760226e-04
5.646383e-04
4.886649e-04
5.082622e-04
4.692482e-04
4.631619e-04
4.545514e-04
4.483524e-04
4.416650e-04
4.303305e-04
4.172766e-04
4.083983e-04
3.546335e-04
3.743373e-04
3.402459e-04
3.357715e-04
3.299225e-04
3.255400e-04
3.203042e-04
3.146057e-04
3.037926e-04
2.963623e-04
2.583299e-04
2.783089e-04
2.475129e-04
2.441775e-04
2.403104e-04
2.372205e-04
2.329944e-04
2.291744e-04
2.259965e-04
2.225860e-04
2.197095e-04
2.158805e-04
2.130406e-04
2.097048e-04
2.057986e-04
1.989362e-04
1.941991e-04
1.695827e-04
1.830452e-04
1.625152e-04
1.603417e-04
1.578543e-04
1.558546e-04
1.530688e-04
1.505925e-04
1.485492e-04
1.463089e-04
1.444268e-04
1.419703e-04
1.401308e-04
1.379094e-04
1.356352e-04
1.336736e-04
1.317760e-04
1.301159e-04
1.281623e-04
1.262223e-04
1.237561e-04
1.203311e-04
1.185168e-04
1.030332e-04
1.057316e-04
9.918677e-05
9.797836e-05
9.614425e-05
9.487095e-05
9.360640e-05
9.083732e-05
8.845334e-05
8.681490e-05
7.576826e-05
7.979938e-05
7.279936e-05
7.187915e-05
7.066431e-05
6.976079e-05
6.867846e-05
6.755838e-05
6.529144e-05
6.370644e-05
5.590822e-05
6.125594e-05
5.354898e-05
5.283102e-05
5.208680e-05
5.141261e-05
5.052937e-05
4.968109e-05
4.825887e-05
4.761398e-05
4.145503e-05
4.226408e-05
3.994872e-05
3.947453e-05
3.872984e-05
3.822141e-05
3.772433e-05
3.722186e-05
3.618712e-05
3.522451e-05
3.455751e-05
3.025014e-05
3.212753e-05
2.905824e-05
2.869095e-05
2.822933e-05
2.787749e-05
2.742830e-05
2.699166e-05
2.662285e-05
2.624462e-05
2.592091e-05
2.547963e-05
2.515701e-05
2.478354e-05
2.433002e-05
2.355701e-05
2.301395e-05
2.023462e-05
2.216352e-05
1.938972e-05
1.913333e-05
1.886772e-05
1.862588e-05
1.831027e-05
1.800618e-05
1.749627e-05
1.726595e-05
1.506035e-05
1.537375e-05
1.451753e-05
1.434686e-05
1.408050e-05
1.389816e-05
1.371998e-05
1.353698e-05
1.318119e-05
1.282577e-05
1.257795e-05
1.103541e-05
1.179912e-05
1.059845e-05
1.046441e-05
1.030279e-05
1.017698e-05
1.000800e-05
9.851541e-06
9.721816e-06
9.581920e-06
9.463483e-06
9.308756e-06
9.193251e-06
9.051739e-06
8.908342e-06
8.785870e-06
8.664242e-06
8.559242e-06
8.412822e-06
8.307036e-06
8.187651e-06
8.026145e-06
7.781363e-06
7.608938e-06
6.697822e-06
7.324686e-06
6.421106e-06
6.337217e-06
6.249609e-06
6.170685e-06
6.066411e-06
5.967237e-06
5.799199e-06
5.724090e-06
4.999418e-06
5.106951e-06
4.820346e-06
4.764092e-06
4.676594e-06
4.616612e-06
4.558016e-06
4.497273e-06
4.383240e-06
4.264316e-06
4.181044e-06
3.674328e-06
3.947267e-06
3.528323e-06
3.483692e-06
3.431474e-06
3.390197e-06
3.332733e-06
3.281319e-06
3.239274e-06
3.192244e-06
3.152729e-06
3.102715e-06
3.064785e-06
3.016401e-06
2.969241e-06
2.929509e-06
2.888519e-06
2.853433e-06
2.806037e-06
2.771262e-06
2.730279e-06
2.685460e-06
2.599377e-06
2.538366e-06
2.239808e-06
2.479994e-06
2.145414e-06
2.116997e-06
2.089808e-06
2.061531e-06
2.029327e-06
1.993767e-06
1.939237e-06
1.912915e-06
1.673262e-06
1.720018e-06
1.612815e-06
1.593900e-06
1.565432e-06
1.545616e-06
1.525442e-06
1.485247e-06
1.446129e-06
1.418733e-06
1.247298e-06
1.336826e-06
1.198161e-06
1.183134e-06
1.165310e-06
1.151329e-06
1.132113e-06
1.114694e-06
1.100395e-06
1.084567e-06
1.071232e-06
1.054230e-06
1.041387e-06
1.025121e-06
1.009149e-06
9.956700e-07
9.818320e-07
9.699698e-07
9.538976e-07
9.421254e-07
9.282840e-07
9.130160e-07
8.839385e-07
8.633002e-07
7.622588e-07
8.446626e-07
7.301823e-07
7.205353e-07
7.113720e-07
7.017230e-07
6.908689e-07
6.787362e-07
6.602693e-07
6.513101e-07
5.700614e-07
5.865342e-07
5.494913e-07
5.430597e-07
5.334274e-07
5.267072e-07
5.198099e-07
5.064537e-07
4.929999e-07
4.835594e-07
4.254480e-07
4.571629e-07
4.086421e-07
4.035111e-07
3.975260e-07
3.927900e-07
3.861561e-07
3.802515e-07
3.754395e-07
3.700102e-07
3.654541e-07
3.597398e-07
3.553875e-07
3.497624e-07
3.443459e-07
3.398063e-07
3.350560e-07
3.310012e-07
3.255941e-07
3.216024e-07
3.168100e-07
3.118499e-07
3.075953e-07
3.034246e-07
2.998087e-07
2.947284e-07
2.910737e-07
2.869717e-07
2.813371e-07
2.729158e-07
2.669548e-07
2.355094e-07
2.583700e-07
2.258156e-07
2.228874e-07
2.199062e-07
2.170959e-07
2.135480e-07
2.100176e-07
2.042080e-07
2.015588e-07
1.763920e-07
1.807280e-07
1.700985e-07
1.681261e-07
1.651058e-07
1.630206e-07
1.609484e-07
1.564913e-07
1.525282e-07
1.497549e-07
1.316935e-07
1.405693e-07
1.265716e-07
1.250027e-07
1.230967e-07
1.216208e-07
1.196419e-07
1.178033e-07
1.162818e-07
1.146339e-07
1.132382e-07
1.114288e-07
1.100739e-07
1.083890e-07
1.067040e-07
1.052744e-07
1.038286e-07
1.025843e-07
1.008796e-07
9.963807e-08
9.819709e-08
9.650457e-08
9.349342e-08
9.135494e-08
8.069552e-08
8.926807e-08
7.732235e-08
7.630777e-08
7.533395e-08
7.432429e-08
7.316946e-08
7.190025e-08
6.994563e-08
6.900691e-08
6.042967e-08
6.215412e-08
5.825840e-08
5.757949e-08
5.656096e-08
5.585099e-08
5.512350e-08
5.370813e-08
5.228941e-08
5.129297e-08
4.515348e-08
4.854078e-08
4.337322e-08
4.283003e-08
4.219865e-08
4.169820e-08
4.099382e-08
4.036962e-08
3.986203e-08
3.928610e-08
3.880328e-08
3.820093e-08
3.774094e-08
3.714222e-08
3.656952e-08
3.609083e-08
3.558625e-08
3.515619e-08
3.458636e-08
3.416438e-08
3.365327e-08
3.312870e-08
3.268004e-08
3.223656e-08
3.185277e-08
3.131735e-08
3.093086e-08
3.049268e-08
2.991792e-08
2.901299e-08
2.837132e-08
2.504851e-08
2.756368e-08
2.401335e-08
2.370124e-08
2.339042e-08
2.308655e-08
2.271705e-08
2.233523e-08
2.172253e-08
2.143770e-08
1.877091e-08
1.926273e-08
1.810038e-08
1.789044e-08
1.757167e-08
1.735072e-08
1.712827e-08
1.666959e-08
1.624040e-08
1.593945e-08
1.402696e-08
1.502208e-08
1.347864e-08
1.331102e-08
1.311156e-08
1.295543e-08
1.274110e-08
1.254646e-08
1.238675e-08
1.220980e-08
1.206066e-08
1.187096e-08
1.172754e-08
1.154501e-08
1.136652e-08
1.121623e-08
1.106100e-08
1.092805e-08
1.074901e-08
1.061750e-08
1.046141e-08
1.029799e-08
1.015737e-08
1.002076e-08
9.902036e-09
