Loss Function Value
2.693790e+00
1.041972e+00
6.109413e-01
5.024153e-01
4.289261e-01
3.840324e-01
3.566496e-01
2.779489e-01
2.596925e-01
2.364195e-01
2.244207e-01
2.124686e-01
2.015964e-01
1.899091e-01
1.780864e-01
1.630934e-01
1.485394e-01
8.762409e-02
2.214101e-01
6.292000e-02
5.492989e-02
4.936590e-02
4.301452e-02
3.560376e-02
3.234509e-02
2.666688e-02
2.473418e-02
2.319634e-02
2.091991e-02
1.963514e-02
1.884382e-02
1.393955e-02
1.667803e-02
1.290761e-02
1.257965e-02
1.229399e-02
1.201331e-02
1.168546e-02
1.134464e-02
1.081514e-02
1.057500e-02
8.783883e-03
1.242080e-02
8.029409e-03
7.789823e-03
7.626456e-03
7.452502e-03
7.294129e-03
7.078137e-03
6.894506e-03
6.231685e-03
8.619358e-03
5.752408e-03
5.404669e-03
5.291166e-03
5.153774e-03
5.049098e-03
4.949379e-03
4.824948e-03
4.725698e-03
4.568334e-03
4.457409e-03
3.829714e-03
4.748449e-03
3.579473e-03
3.453697e-03
3.386937e-03
3.294782e-03
3.228039e-03
3.161540e-03
3.078237e-03
2.989107e-03
2.899736e-03
2.491521e-03
3.148406e-03
2.324993e-03
2.244152e-03
2.200389e-03
2.142753e-03
2.099650e-03
2.058198e-03
2.017162e-03
1.964128e-03
1.907577e-03
1.852643e-03
1.581189e-03
1.890924e-03
1.487209e-03
1.444886e-03
1.419387e-03
1.383712e-03
1.357787e-03
1.332730e-03
1.308103e-03
1.275448e-03
1.240868e-03
1.207772e-03
1.035120e-03
1.172614e-03
9.822762e-04
9.605323e-04
9.449483e-04
9.274310e-04
9.092319e-04
8.664926e-04
8.454328e-04
8.324894e-04
8.149404e-04
8.018972e-04
7.892714e-04
7.770280e-04
7.651321e-04
7.518535e-04
7.376852e-04
7.193644e-04
7.052687e-04
6.173768e-04
6.528543e-04
5.943638e-04
5.857228e-04
5.766638e-04
5.687402e-04
5.610988e-04
5.537141e-04
5.465582e-04
5.396133e-04
5.328606e-04
5.262875e-04
5.196423e-04
5.110313e-04
5.013655e-04
4.929920e-04
4.434448e-04
4.607543e-04
4.306301e-04
4.259038e-04
4.206064e-04
4.161382e-04
4.118075e-04
4.076000e-04
4.035066e-04
3.995174e-04
3.956257e-04
3.918244e-04
3.880557e-04
3.829450e-04
3.773129e-04
3.723851e-04
3.426820e-04
3.505152e-04
3.351048e-04
3.323748e-04
3.289787e-04
3.262760e-04
3.236390e-04
3.210631e-04
3.185431e-04
3.160756e-04
3.136568e-04
3.112841e-04
3.086611e-04
3.057056e-04
3.018714e-04
2.990103e-04
2.795232e-04
2.824466e-04
2.746600e-04
2.729463e-04
2.705340e-04
2.687384e-04
2.669759e-04
2.652439e-04
2.635404e-04
2.618636e-04
2.600693e-04
2.578973e-04
2.551950e-04
2.531004e-04
2.388998e-04
2.406803e-04
2.353002e-04
2.340372e-04
2.321972e-04
2.308471e-04
2.295168e-04
2.282050e-04
2.269105e-04
2.256077e-04
2.238324e-04
2.217902e-04
2.200885e-04
2.088860e-04
2.102328e-04
2.059958e-04
2.049813e-04
2.034860e-04
2.023918e-04
2.013111e-04
2.002430e-04
1.991867e-04
1.980989e-04
1.966667e-04
1.949615e-04
1.935867e-04
1.842573e-04
1.851266e-04
1.818461e-04
1.810034e-04
1.797250e-04
1.788023e-04
1.778893e-04
1.769854e-04
1.760898e-04
1.750942e-04
1.739501e-04
1.724307e-04
1.713249e-04
1.632771e-04
1.637243e-04
1.612143e-04
1.604981e-04
1.592120e-04
1.580674e-04
1.554237e-04
1.545801e-04
1.538316e-04
1.528380e-04
1.520609e-04
1.512930e-04
1.505333e-04
1.497813e-04
1.490362e-04
1.482976e-04
1.475577e-04
1.465278e-04
1.453390e-04
1.443549e-04
1.377037e-04
1.382162e-04
1.359726e-04
1.353687e-04
1.344358e-04
1.337675e-04
1.331051e-04
1.324483e-04
1.317750e-04
1.308738e-04
1.298016e-04
1.289387e-04
1.229966e-04
1.233815e-04
1.214555e-04
1.209194e-04
1.200215e-04
1.191609e-04
1.171283e-04
1.164994e-04
1.159332e-04
1.151942e-04
1.146097e-04
1.140317e-04
1.134598e-04
1.128933e-04
1.123319e-04
1.117752e-04
1.112229e-04
1.106257e-04
1.098990e-04
1.089691e-04
1.082704e-04
1.032457e-04
1.034656e-04
1.019536e-04
1.015060e-04
1.006134e-04
9.990802e-05
9.830283e-05
9.776672e-05
9.729620e-05
9.666327e-05
9.617159e-05
9.568519e-05
9.520356e-05
9.472638e-05
9.425329e-05
9.378403e-05
9.331169e-05
9.265817e-05
9.189784e-05
9.127451e-05
8.702201e-05
8.728219e-05
8.592028e-05
8.553742e-05
8.487714e-05
8.426575e-05
8.282367e-05
8.237349e-05
8.196835e-05
8.143978e-05
8.102155e-05
8.060794e-05
8.019859e-05
7.979313e-05
7.939130e-05
7.899281e-05
7.859746e-05
7.817727e-05
7.764940e-05
7.698933e-05
7.648362e-05
7.288811e-05
7.304192e-05
7.196461e-05
7.164490e-05
7.100445e-05
7.050213e-05
6.935591e-05
6.897335e-05
6.863679e-05
6.818579e-05
6.783466e-05
6.748728e-05
6.714336e-05
6.680261e-05
6.646483e-05
6.612980e-05
6.579736e-05
6.542691e-05
6.500052e-05
6.443055e-05
6.402024e-05
6.098756e-05
6.106788e-05
6.021469e-05
5.994804e-05
5.934661e-05
5.893384e-05
5.802177e-05
5.769771e-05
5.741458e-05
5.708206e-05
5.677076e-05
5.646566e-05
5.614301e-05
5.535402e-05
5.490651e-05
5.462532e-05
5.427955e-05
5.399587e-05
5.371558e-05
5.343838e-05
5.316401e-05
5.289226e-05
5.262295e-05
5.235589e-05
5.209095e-05
5.181140e-05
5.145550e-05
5.101471e-05
5.067450e-05
4.826600e-05
4.835969e-05
4.764917e-05
4.743595e-05
4.699674e-05
4.666396e-05
4.590618e-05
4.565054e-05
4.542609e-05
4.512490e-05
4.489063e-05
4.465886e-05
4.442939e-05
4.420205e-05
4.397670e-05
4.375319e-05
4.353143e-05
4.328701e-05
4.299977e-05
4.262173e-05
4.234605e-05
4.032437e-05
4.037345e-05
3.981019e-05
3.963299e-05
3.922758e-05
3.895468e-05
3.835132e-05
3.813585e-05
3.794774e-05
3.772661e-05
3.752022e-05
3.731751e-05
3.710232e-05
3.658098e-05
3.628162e-05
3.609413e-05
3.586567e-05
3.567718e-05
3.549096e-05
3.530680e-05
3.512455e-05
3.494405e-05
3.476519e-05
3.458785e-05
3.441194e-05
3.423251e-05
3.398980e-05
3.370229e-05
3.347133e-05
3.187482e-05
3.194224e-05
3.146565e-05
3.132421e-05
3.104049e-05
3.081988e-05
3.031123e-05
3.014248e-05
2.999321e-05
2.979486e-05
2.963967e-05
2.948615e-05
2.933417e-05
2.918362e-05
2.903439e-05
2.888641e-05
2.873960e-05
2.858320e-05
2.838743e-05
2.814167e-05
2.795469e-05
2.661844e-05
2.665620e-05
2.627818e-05
2.616089e-05
2.590010e-05
2.571943e-05
2.531433e-05
2.517246e-05
2.504919e-05
2.488188e-05
2.475263e-05
2.462472e-05
2.449807e-05
2.437257e-05
2.424816e-05
2.412475e-05
2.400231e-05
2.386667e-05
2.370869e-05
2.349918e-05
2.334774e-05
2.223024e-05
2.224739e-05
2.194736e-05
2.185012e-05
2.161397e-05
2.146593e-05
2.114307e-05
2.102393e-05
2.091957e-05
2.079874e-05
2.068398e-05
2.057259e-05
2.045498e-05
2.016659e-05
2.000257e-05
1.989946e-05
1.977361e-05
1.966987e-05
1.956737e-05
1.946598e-05
1.936564e-05
1.926626e-05
1.916777e-05
1.907012e-05
1.897326e-05
1.887646e-05
1.874067e-05
1.858390e-05
1.845515e-05
1.757600e-05
1.761045e-05
1.735109e-05
1.727345e-05
1.711413e-05
1.699383e-05
1.671624e-05
1.662345e-05
1.654139e-05
1.643241e-05
1.634711e-05
1.626272e-05
1.617917e-05
1.609639e-05
1.601434e-05
1.593297e-05
1.585225e-05
1.576799e-05
1.565849e-05
1.552469e-05
1.542050e-05
1.468569e-05
1.470471e-05
1.449883e-05
1.443449e-05
1.428906e-05
1.419053e-05
1.396930e-05
1.389137e-05
1.382364e-05
1.373182e-05
1.366083e-05
1.359057e-05
1.352099e-05
1.345204e-05
1.338368e-05
1.331588e-05
1.324860e-05
1.317550e-05
1.308717e-05
1.297314e-05
1.288879e-05
1.227467e-05
1.228290e-05
1.211936e-05
1.206602e-05
1.193484e-05
1.185407e-05
1.167764e-05
1.161221e-05
1.155497e-05
1.148854e-05
1.142575e-05
1.136459e-05
1.129966e-05
1.114243e-05
1.105152e-05
1.099460e-05
1.092593e-05
1.086891e-05
1.081256e-05
1.075683e-05
1.070167e-05
1.064703e-05
1.059289e-05
1.053921e-05
1.048597e-05
1.043313e-05
1.037592e-05
1.030633e-05
1.021692e-05
1.015052e-05
9.668016e-06
9.673449e-06
9.546107e-06
9.504264e-06
9.399874e-06
9.336718e-06
9.199155e-06
9.147724e-06
9.102689e-06
9.050615e-06
9.001201e-06
8.953192e-06
8.902265e-06
8.778696e-06
8.707320e-06
8.662605e-06
8.608684e-06
8.563892e-06
8.519624e-06
8.475839e-06
8.432500e-06
8.389574e-06
8.347033e-06
8.304854e-06
8.263014e-06
8.221495e-06
8.176904e-06
8.121833e-06
8.051845e-06
7.999377e-06
7.620194e-06
7.624408e-06
7.524389e-06
7.491511e-06
7.409430e-06
7.359855e-06
7.251717e-06
7.211310e-06
7.175956e-06
7.134974e-06
7.096233e-06
7.058491e-06
7.018342e-06
6.921580e-06
6.865210e-06
6.829974e-06
6.787717e-06
6.752490e-06
6.717675e-06
6.683240e-06
6.649155e-06
6.615395e-06
6.581939e-06
6.548767e-06
6.515861e-06
6.483209e-06
6.448712e-06
6.404802e-06
6.350228e-06
6.308482e-06
6.010359e-06
6.014085e-06
5.934979e-06
5.909108e-06
5.845075e-06
5.806075e-06
5.720530e-06
5.688783e-06
5.661052e-06
5.628717e-06
5.598401e-06
5.568698e-06
5.536935e-06
5.461286e-06
5.416606e-06
5.388784e-06
5.355690e-06
5.327957e-06
5.300550e-06
5.273442e-06
5.246610e-06
5.220035e-06
5.193700e-06
5.167588e-06
5.141687e-06
5.115986e-06
5.089403e-06
5.054246e-06
5.011755e-06
4.978420e-06
4.743909e-06
4.747563e-06
4.684523e-06
4.664132e-06
4.614681e-06
4.583891e-06
4.515732e-06
4.490795e-06
4.469079e-06
4.443473e-06
4.419825e-06
4.396412e-06
4.371168e-06
4.312205e-06
4.276603e-06
4.254570e-06
4.228694e-06
4.206833e-06
4.185231e-06
4.163866e-06
4.142721e-06
4.121780e-06
4.101028e-06
4.080454e-06
4.060047e-06
4.039797e-06
4.019462e-06
3.991131e-06
3.958162e-06
3.931382e-06
3.746797e-06
3.750492e-06
3.699954e-06
3.683860e-06
3.645958e-06
3.621597e-06
3.566993e-06
3.547401e-06
3.530407e-06
3.510081e-06
3.491666e-06
3.473190e-06
3.453062e-06
3.407175e-06
3.378712e-06
3.361230e-06
3.341010e-06
3.323759e-06
3.306715e-06
3.289860e-06
3.273179e-06
3.256661e-06
3.240294e-06
3.224068e-06
3.207975e-06
3.192007e-06
3.176158e-06
3.158822e-06
3.138102e-06
3.111072e-06
3.091326e-06
2.946105e-06
2.945802e-06
2.909614e-06
2.897129e-06
2.863259e-06
2.844709e-06
2.805330e-06
2.789779e-06
2.776076e-06
2.760646e-06
2.745530e-06
2.731151e-06
2.716078e-06
2.678501e-06
2.657318e-06
2.643927e-06
2.627637e-06
2.614175e-06
2.600864e-06
2.587692e-06
2.574650e-06
2.561729e-06
2.548920e-06
2.536217e-06
2.523614e-06
2.511105e-06
2.497874e-06
2.481054e-06
2.460098e-06
2.444133e-06
2.329682e-06
2.330185e-06
2.300834e-06
2.290952e-06
2.265196e-06
2.250447e-06
2.218556e-06
2.206333e-06
2.195619e-06
2.183309e-06
2.171565e-06
2.160190e-06
2.148096e-06
2.118914e-06
2.101856e-06
2.091189e-06
2.078469e-06
2.067823e-06
2.057300e-06
2.046888e-06
2.036580e-06
2.026369e-06
2.016249e-06
2.006213e-06
1.996256e-06
1.986376e-06
1.976347e-06
1.962623e-06
1.946424e-06
1.933455e-06
1.843201e-06
1.844289e-06
1.820371e-06
1.812541e-06
1.793096e-06
1.781347e-06
1.755408e-06
1.745799e-06
1.737429e-06
1.727587e-06
1.718479e-06
1.709472e-06
1.699739e-06
1.677115e-06
1.663340e-06
1.654827e-06
1.644902e-06
1.636476e-06
1.628148e-06
1.619911e-06
1.611757e-06
1.603681e-06
1.595678e-06
1.587742e-06
1.579871e-06
1.572059e-06
1.564305e-06
1.555848e-06
1.545681e-06
1.532464e-06
1.522789e-06
1.451663e-06
1.451233e-06
1.433816e-06
1.427715e-06
1.410768e-06
1.401752e-06
1.382748e-06
1.375120e-06
1.368388e-06
1.360859e-06
1.353425e-06
1.346389e-06
1.339031e-06
1.320593e-06
1.310233e-06
1.303674e-06
1.295694e-06
1.289098e-06
1.282575e-06
1.276119e-06
1.269727e-06
1.263392e-06
1.257113e-06
1.250885e-06
1.244705e-06
1.238571e-06
1.232169e-06
1.223829e-06
1.213616e-06
1.205718e-06
1.149567e-06
1.149736e-06
1.135418e-06
1.130574e-06
1.117835e-06
1.110627e-06
1.095044e-06
1.089044e-06
1.083787e-06
1.077745e-06
1.071988e-06
1.066406e-06
1.060457e-06
1.046181e-06
1.037770e-06
1.032519e-06
1.026295e-06
1.021066e-06
1.015896e-06
1.010781e-06
1.005716e-06
1.000699e-06
9.957264e-07
9.907949e-07
9.859024e-07
9.810469e-07
9.762264e-07
9.708751e-07
9.646488e-07
9.563477e-07
9.504141e-07
9.061243e-07
9.055709e-07
8.950416e-07
8.910326e-07
8.815823e-07
8.417476e-07
8.500827e-07
8.307718e-07
8.268851e-07
8.214940e-07
8.173798e-07
8.133042e-07
8.092649e-07
8.052595e-07
8.012860e-07
7.973427e-07
7.934280e-07
7.891774e-07
7.840225e-07
7.773611e-07
7.724619e-07
7.365287e-07
7.362334e-07
7.275189e-07
7.243909e-07
7.165826e-07
6.842739e-07
6.912861e-07
6.753426e-07
6.721766e-07
6.678130e-07
6.644702e-07
6.611591e-07
6.578774e-07
6.546235e-07
6.513957e-07
6.481924e-07
6.450126e-07
6.416176e-07
6.373703e-07
6.320075e-07
6.279790e-07
5.988098e-07
5.986580e-07
5.914855e-07
5.889822e-07
5.820608e-07
5.783652e-07
5.705318e-07
5.674047e-07
5.646501e-07
5.615494e-07
5.585163e-07
5.556270e-07
5.525850e-07
5.450766e-07
5.407803e-07
5.380734e-07
5.348175e-07
5.321066e-07
5.294257e-07
5.267727e-07
5.241454e-07
5.215422e-07
5.189614e-07
5.164018e-07
5.138620e-07
5.113412e-07
5.087979e-07
5.052780e-07
5.011519e-07
4.978324e-07
4.747693e-07
4.749146e-07
4.689475e-07
4.669537e-07
4.618153e-07
4.588461e-07
4.523513e-07
4.498906e-07
4.477422e-07
4.452405e-07
4.428996e-07
4.406012e-07
4.381248e-07
4.323303e-07
4.288163e-07
4.266400e-07
4.241041e-07
4.219498e-07
4.198202e-07
4.177134e-07
4.156276e-07
4.135613e-07
4.115134e-07
4.094826e-07
4.074680e-07
4.054686e-07
4.034838e-07
4.013617e-07
3.987131e-07
3.953620e-07
3.928502e-07
3.746330e-07
3.745000e-07
3.700625e-07
3.684871e-07
3.645153e-07
3.481200e-07
3.516242e-07
3.435933e-07
3.419898e-07
3.397732e-07
3.380780e-07
3.363988e-07
3.347343e-07
3.330837e-07
3.314463e-07
3.298212e-07
3.282079e-07
3.264832e-07
3.243301e-07
3.216060e-07
3.195644e-07
3.047548e-07
3.046375e-07
3.010401e-07
2.997512e-07
2.965312e-07
2.831976e-07
2.860097e-07
2.795204e-07
2.782185e-07
2.764143e-07
2.750366e-07
2.736716e-07
2.723187e-07
2.709770e-07
2.696460e-07
2.683249e-07
2.670134e-07
2.656054e-07
2.638611e-07
2.616412e-07
2.599868e-07
2.479431e-07
2.478292e-07
2.449242e-07
2.438603e-07
2.412591e-07
2.304103e-07
2.326469e-07
2.274241e-07
2.263677e-07
2.248978e-07
2.237779e-07
2.226685e-07
2.215687e-07
2.204780e-07
2.193959e-07
2.183219e-07
2.172556e-07
2.161015e-07
2.146928e-07
2.128799e-07
2.115428e-07
2.017454e-07
2.016297e-07
1.992920e-07
1.984073e-07
1.963128e-07
1.874820e-07
1.892458e-07
1.850577e-07
1.842009e-07
1.830023e-07
1.820920e-07
1.811902e-07
1.802961e-07
1.794094e-07
1.785295e-07
1.776563e-07
1.767893e-07
1.758401e-07
1.747057e-07
1.732222e-07
1.721443e-07
1.641719e-07
1.640535e-07
1.621784e-07
1.614381e-07
1.597565e-07
1.525657e-07
1.539455e-07
1.505980e-07
1.499035e-07
1.489254e-07
1.481855e-07
1.474523e-07
1.467254e-07
1.460045e-07
1.452891e-07
1.445790e-07
1.438739e-07
1.430910e-07
1.421798e-07
1.409640e-07
1.400968e-07
1.336081e-07
1.334879e-07
1.319881e-07
1.313659e-07
1.300193e-07
1.241622e-07
1.252329e-07
1.225655e-07
1.220026e-07
1.212040e-07
1.206025e-07
1.200065e-07
1.194155e-07
1.188292e-07
1.182475e-07
1.176700e-07
1.170847e-07
1.162808e-07
1.153324e-07
1.145746e-07
1.092844e-07
1.092909e-07
1.079517e-07
1.074958e-07
1.062832e-07
1.056082e-07
1.041466e-07
1.035811e-07
1.030861e-07
1.025157e-07
1.019751e-07
1.014488e-07
1.008847e-07
9.954918e-08
9.874793e-08
9.824984e-08
9.766701e-08
9.717315e-08
9.668485e-08
9.620169e-08
9.572329e-08
9.524933e-08
9.477951e-08
9.431358e-08
9.385133e-08
9.339255e-08
9.293707e-08
9.245248e-08
9.184197e-08
9.107438e-08
9.049621e-08
8.631296e-08
8.627266e-08
8.526431e-08
8.489360e-08
8.399120e-08
8.021924e-08
8.097645e-08
7.918321e-08
7.881709e-08
7.830523e-08
7.791635e-08
7.753102e-08
7.714902e-08
7.677015e-08
7.639422e-08
7.602109e-08
7.565062e-08
7.524714e-08
7.476017e-08
7.412787e-08
7.366555e-08
7.025862e-08
7.020699e-08
6.940671e-08
6.908924e-08
6.837176e-08
6.529669e-08
6.587432e-08
6.445658e-08
6.416027e-08
6.374151e-08
6.342539e-08
6.311211e-08
6.280150e-08
6.249339e-08
6.218766e-08
6.188417e-08
6.158091e-08
6.115387e-08
6.065903e-08
6.025713e-08
5.747802e-08
5.748663e-08
5.677730e-08
5.653753e-08
5.590699e-08
5.555162e-08
5.477771e-08
5.448088e-08
5.422150e-08
5.392075e-08
5.363809e-08
5.336134e-08
5.306321e-08
5.236537e-08
5.194137e-08
5.167873e-08
5.137363e-08
5.111391e-08
5.085712e-08
5.060304e-08
5.035148e-08
5.010226e-08
4.985523e-08
4.961026e-08
4.936722e-08
4.912602e-08
4.888655e-08
4.863560e-08
4.831066e-08
4.791027e-08
4.760309e-08
4.540494e-08
4.538889e-08
4.485330e-08
4.466259e-08
4.418377e-08
4.220178e-08
4.260612e-08
4.165663e-08
4.146391e-08
4.119518e-08
4.099070e-08
4.078808e-08
4.058722e-08
4.038800e-08
4.019034e-08
3.999414e-08
3.979934e-08
3.958893e-08
3.933106e-08
3.900002e-08
3.875547e-08
3.696448e-08
3.693912e-08
3.651642e-08
3.635090e-08
3.597215e-08
3.435537e-08
3.465993e-08
3.391356e-08
3.375773e-08
3.353759e-08
3.337136e-08
3.320663e-08
3.304329e-08
3.288128e-08
3.272051e-08
3.256091e-08
3.240192e-08
3.217684e-08
3.191699e-08
3.170526e-08
3.024377e-08
3.024806e-08
2.987529e-08
2.974921e-08
2.941732e-08
2.923055e-08
2.882373e-08
2.866763e-08
2.853125e-08
2.837305e-08
2.822447e-08
2.807893e-08
2.792205e-08
2.755537e-08
2.733214e-08
2.719393e-08
2.703361e-08
2.689700e-08
2.676193e-08
2.662829e-08
2.649597e-08
2.636489e-08
2.623495e-08
2.610610e-08
2.597826e-08
2.585139e-08
2.572543e-08
2.559405e-08
2.542248e-08
2.521238e-08
2.505029e-08
2.389415e-08
2.388612e-08
2.360396e-08
2.350394e-08
2.325177e-08
2.220910e-08
2.242101e-08
2.192240e-08
2.182107e-08
2.167966e-08
2.157211e-08
2.146554e-08
2.135988e-08
2.125509e-08
2.115112e-08
2.104791e-08
2.094545e-08
2.083474e-08
2.069911e-08
2.052493e-08
2.039632e-08
1.945406e-08
1.944014e-08
1.921839e-08
1.913080e-08
1.893210e-08
1.808121e-08
1.823921e-08
1.784894e-08
1.776706e-08
1.765112e-08
1.756369e-08
1.747704e-08
1.739113e-08
1.730590e-08
1.722133e-08
1.713738e-08
1.705330e-08
1.693534e-08
1.679826e-08
1.668726e-08
1.591813e-08
1.591909e-08
1.572436e-08
1.565808e-08
1.548178e-08
1.538375e-08
1.517109e-08
1.508889e-08
1.501699e-08
1.493395e-08
1.485552e-08
1.477899e-08
1.469671e-08
1.450322e-08
1.438618e-08
1.431357e-08
1.422907e-08
1.415721e-08
1.408617e-08
1.401587e-08
1.394626e-08
1.387730e-08
1.380894e-08
1.374115e-08
1.367389e-08
1.360714e-08
1.354087e-08
1.347150e-08
1.338148e-08
1.327071e-08
1.318565e-08
1.257717e-08
1.257216e-08
1.242453e-08
1.237123e-08
1.223925e-08
1.169028e-08
1.179974e-08
1.153957e-08
1.148634e-08
1.141181e-08
1.135523e-08
1.129916e-08
1.124358e-08
1.118845e-08
1.113374e-08
1.107944e-08
1.102553e-08
1.096689e-08
1.089592e-08
1.080394e-08
1.073660e-08
1.024060e-08
1.023232e-08
1.011664e-08
1.006974e-08
9.966035e-09
