Loss Function Value
40.9319
1.88501
0.171396
0.042416
0.0167301
0.00772031
0.00297674
0.00112557
0.000601344
0.000346707
0.000195481
0.000128292
9.5317e-05
7.68881e-05
6.23604e-05
5.35813e-05
4.68014e-05
4.24336e-05
3.73802e-05
3.40229e-05
3.02506e-05
2.69183e-05
2.4074e-05
2.15051e-05
1.92087e-05
1.74964e-05
1.54665e-05
1.42937e-05
1.23538e-05
1.14892e-05
1.01635e-05
9.25358e-06
8.28531e-06
7.56757e-06
6.61059e-06
6.08266e-06
5.35706e-06
4.90983e-06
4.27896e-06
3.92609e-06
3.45369e-06
3.16331e-06
2.86619e-06
2.48813e-06
2.17674e-06
1.92371e-06
1.70348e-06
1.55028e-06
1.31942e-06
1.27785e-06
1.05249e-06
9.96719e-07
9.96719e-07
9.96719e-07
