Loss Function Value
3.887675e+00
8.392322e-01
4.941266e-01
4.046954e-01
3.651961e-01
3.367511e-01
3.153675e-01
2.928619e-01
2.789447e-01
2.662719e-01
2.560655e-01
2.466455e-01
2.388107e-01
2.312496e-01
2.181176e-01
2.076246e-01
1.991993e-01
1.894015e-01
1.834823e-01
1.802252e-01
1.763713e-01
1.734539e-01
1.707384e-01
1.681344e-01
1.656794e-01
1.633245e-01
1.610942e-01
1.589566e-01
1.569313e-01
1.549933e-01
1.531615e-01
1.514126e-01
1.497687e-01
1.482050e-01
1.467405e-01
1.438168e-01
1.413932e-01
1.393728e-01
1.311780e-01
1.525876e-01
1.275928e-01
1.269778e-01
1.264075e-01
1.257255e-01
1.251514e-01
1.243014e-01
1.236347e-01
1.202232e-01
1.264288e-01
1.185476e-01
1.177160e-01
1.172816e-01
1.164715e-01
1.155573e-01
1.144764e-01
1.135015e-01
1.126621e-01
1.122525e-01
1.117045e-01
1.113031e-01
1.108697e-01
1.104103e-01
1.098605e-01
1.093459e-01
1.071029e-01
1.114817e-01
1.061141e-01
1.056210e-01
1.053858e-01
1.050987e-01
1.048841e-01
1.046827e-01
1.044854e-01
1.042419e-01
1.039944e-01
1.037425e-01
1.027559e-01
1.048202e-01
1.023649e-01
1.021607e-01
1.020623e-01
1.019572e-01
1.018719e-01
1.017911e-01
1.017143e-01
1.016409e-01
1.015704e-01
1.015025e-01
1.014269e-01
1.013474e-01
1.012453e-01
1.011663e-01
1.006670e-01
1.008115e-01
1.005352e-01
1.004880e-01
1.004274e-01
1.003787e-01
1.003302e-01
1.002817e-01
1.002332e-01
1.001844e-01
1.001355e-01
1.000862e-01
1.000366e-01
9.998650e-02
9.993588e-02
9.988468e-02
9.983284e-02
9.978028e-02
9.972698e-02
9.967284e-02
9.961704e-02
9.953584e-02
9.942907e-02
9.935821e-02
9.872338e-02
9.834679e-02
1.018615e-01
9.783089e-02
9.767775e-02
9.747836e-02
9.736435e-02
9.641485e-02
9.737932e-02
9.596001e-02
9.576049e-02
9.557082e-02
9.543963e-02
9.525855e-02
9.508230e-02
9.492600e-02
9.477457e-02
9.458824e-02
9.442038e-02
9.415025e-02
9.395104e-02
9.258262e-02
9.420578e-02
9.194314e-02
9.166195e-02
9.142908e-02
9.117967e-02
9.093303e-02
9.068737e-02
9.044078e-02
9.019221e-02
8.994071e-02
8.968563e-02
8.946096e-02
8.911681e-02
8.881314e-02
8.827707e-02
8.796643e-02
8.499995e-02
8.457957e-02
8.411067e-02
8.342917e-02
8.296225e-02
8.117173e-02
8.411651e-02
7.907798e-02
7.737558e-02
7.527275e-02
2.600792e-01
8.966557e-02
6.764247e-02
6.679854e-02
6.618141e-02
6.560980e-02
6.489698e-02
6.433196e-02
6.338650e-02
6.271382e-02
5.882204e-02
6.633894e-02
5.680463e-02
5.570596e-02
5.513467e-02
5.423701e-02
5.304811e-02
5.137924e-02
5.030632e-02
4.888480e-02
4.822847e-02
4.747341e-02
4.684638e-02
4.623710e-02
4.564061e-02
4.497973e-02
4.424923e-02
4.329692e-02
4.252044e-02
3.773644e-02
4.151644e-02
3.608861e-02
3.540354e-02
3.483467e-02
3.424538e-02
3.366376e-02
3.205415e-02
3.135205e-02
3.088373e-02
3.019401e-02
2.969287e-02
2.920032e-02
2.871561e-02
2.817355e-02
2.757304e-02
2.678134e-02
2.618447e-02
2.212476e-02
2.299933e-02
2.106690e-02
2.069126e-02
2.019262e-02
1.980956e-02
1.943444e-02
1.906672e-02
1.870611e-02
1.835218e-02
1.800476e-02
1.766353e-02
1.729979e-02
1.685801e-02
1.631094e-02
1.589475e-02
1.307765e-02
1.323075e-02
1.242667e-02
1.220708e-02
1.186794e-02
1.163108e-02
1.139911e-02
1.117200e-02
1.094952e-02
1.073167e-02
1.051473e-02
1.021694e-02
1.010995e-02
9.239390e-03
8.966135e-03
8.773367e-03
8.596198e-03
8.424738e-03
8.245476e-03
8.021336e-03
7.748981e-03
7.546108e-03
6.162221e-03
6.081752e-03
5.871386e-03
5.715011e-03
5.531381e-03
4.552788e-03
4.505425e-03
4.347214e-03
4.243297e-03
4.107428e-03
3.418240e-03
3.379965e-03
3.276411e-03
3.224513e-03
3.127801e-03
3.062952e-03
2.885541e-03
2.836842e-03
2.787215e-03
2.737161e-03
2.691769e-03
2.664017e-03
2.595694e-03
2.548086e-03
2.498878e-03
2.458148e-03
2.414308e-03
2.323431e-03
2.257870e-03
2.219146e-03
2.186567e-03
2.153041e-03
2.111460e-03
2.051819e-03
1.986593e-03
1.950929e-03
1.924847e-03
1.888873e-03
1.862079e-03
1.835802e-03
1.810082e-03
1.784853e-03
1.760153e-03
1.735917e-03
1.712182e-03
1.688888e-03
1.666070e-03
1.707918e-03
1.656949e-03
1.633429e-03
1.609105e-03
1.586452e-03
1.564894e-03
1.539628e-03
1.496590e-03
1.457466e-03
1.435293e-03
1.418634e-03
1.394650e-03
1.377178e-03
1.360007e-03
1.343172e-03
1.326623e-03
1.310394e-03
1.294436e-03
1.278782e-03
1.263388e-03
1.248281e-03
1.233423e-03
1.218838e-03
1.204490e-03
1.190404e-03
1.176543e-03
1.162931e-03
1.149535e-03
1.136225e-03
1.117561e-03
1.096003e-03
1.079501e-03
9.650332e-04
9.507359e-04
9.404509e-04
9.205789e-04
9.109472e-04
8.208355e-04
8.076530e-04
8.014877e-04
7.732258e-04
8.741870e-04
7.484896e-04
7.247304e-04
7.176686e-04
7.106303e-04
7.031011e-04
6.964270e-04
6.892401e-04
6.733486e-04
6.623983e-04
6.557412e-04
6.496139e-04
6.435955e-04
6.365067e-04
6.326363e-04
6.195383e-04
6.147896e-04
5.649111e-04
5.550741e-04
5.500951e-04
5.444734e-04
5.402592e-04
5.341514e-04
5.296668e-04
5.252265e-04
5.208522e-04
5.165205e-04
5.122516e-04
5.080240e-04
5.038564e-04
4.997286e-04
4.956582e-04
4.916265e-04
4.876496e-04
4.837103e-04
4.798236e-04
4.759129e-04
4.704571e-04
4.640430e-04
4.591512e-04
4.242964e-04
4.199103e-04
4.164373e-04
4.101329e-04
4.068833e-04
3.770956e-04
3.727310e-04
3.704061e-04
3.624927e-04
4.043553e-04
3.529547e-04
3.433672e-04
3.408392e-04
3.382004e-04
3.355109e-04
3.330382e-04
3.302868e-04
3.244927e-04
3.202747e-04
3.177469e-04
3.154017e-04
3.131029e-04
3.104031e-04
3.054621e-04
3.012662e-04
2.988369e-04
2.968034e-04
2.946609e-04
2.920058e-04
2.878373e-04
2.836590e-04
2.813182e-04
2.795448e-04
2.769439e-04
2.750310e-04
2.731441e-04
2.712681e-04
2.694169e-04
2.675764e-04
2.657594e-04
2.639530e-04
2.621690e-04
2.603954e-04
2.586432e-04
2.569013e-04
2.550883e-04
2.527083e-04
2.497558e-04
2.476045e-04
2.316968e-04
2.297385e-04
2.280205e-04
2.251442e-04
2.235327e-04
2.094349e-04
2.075063e-04
2.061939e-04
2.034802e-04
2.022220e-04
1.896829e-04
1.878246e-04
1.868063e-04
1.835914e-04
2.022765e-04
1.793507e-04
1.750539e-04
1.739332e-04
1.727683e-04
1.715596e-04
1.704585e-04
1.692543e-04
1.665653e-04
1.647412e-04
1.636310e-04
1.625189e-04
1.614817e-04
1.603237e-04
1.578628e-04
1.561007e-04
1.550428e-04
1.540175e-04
1.530397e-04
1.519275e-04
1.496702e-04
1.479711e-04
1.469635e-04
1.460162e-04
1.450938e-04
1.440272e-04
1.419510e-04
1.403160e-04
1.393568e-04
1.384794e-04
1.376087e-04
1.365874e-04
1.346718e-04
1.331021e-04
1.321897e-04
1.313746e-04
1.305525e-04
1.295762e-04
1.278025e-04
1.262991e-04
1.254318e-04
1.246725e-04
1.238958e-04
1.229644e-04
1.213158e-04
1.198792e-04
1.190557e-04
1.183460e-04
1.184056e-04
1.159731e-04
1.063073e-04
2.599227e-04
4.590060e-04
1.429432e-04
9.050381e-05
8.657161e-05
8.519450e-05
8.432615e-05
8.367210e-05
8.309822e-05
8.238761e-05
8.150565e-05
8.042019e-05
7.983499e-05
7.940954e-05
7.879626e-05
7.834105e-05
7.788570e-05
7.743774e-05
7.698977e-05
7.654865e-05
7.610765e-05
7.567302e-05
7.523864e-05
7.481020e-05
7.437858e-05
7.377039e-05
7.305967e-05
7.250088e-05
6.852684e-05
6.815727e-05
6.758042e-05
6.694423e-05
6.642208e-05
6.866861e-05
6.702706e-05
6.623907e-05
6.550591e-05
6.486143e-05
6.375292e-05
2.729973e-04
1.413205e-04
1.065170e-04
8.949378e-05
7.936441e-05
7.263963e-05
6.933261e-05
6.272253e-05
6.041029e-05
5.928407e-05
5.854530e-05
5.769796e-05
5.708118e-05
5.649833e-05
5.512422e-05
5.436553e-05
5.391258e-05
5.349190e-05
5.309383e-05
5.265134e-05
5.180597e-05
5.116005e-05
5.078473e-05
5.046036e-05
5.012753e-05
4.974297e-05
4.904230e-05
4.846633e-05
4.813196e-05
4.784294e-05
4.754331e-05
4.719748e-05
4.655262e-05
4.603200e-05
4.572679e-05
4.545479e-05
4.517762e-05
4.486296e-05
4.681369e-05
4.469410e-05
4.216510e-05
4.102019e-05
3.997252e-05
3.959630e-05
3.934910e-05
3.908191e-05
3.885301e-05
4.748449e-05
4.208470e-05
4.105337e-05
4.047811e-05
3.999973e-05
3.972759e-05
3.874563e-05
3.845059e-05
3.823279e-05
3.792228e-05
3.769432e-05
3.747271e-05
3.725171e-05
3.703599e-05
3.682050e-05
3.660958e-05
3.639870e-05
3.619185e-05
3.598500e-05
3.576821e-05
3.549024e-05
3.513973e-05
3.488520e-05
3.299956e-05
3.283415e-05
3.254880e-05
3.226121e-05
3.199974e-05
3.029131e-05
3.018390e-05
2.987884e-05
2.964578e-05
2.937523e-05
2.782335e-05
2.776815e-05
2.744111e-05
2.726908e-05
2.697880e-05
2.556639e-05
2.557769e-05
2.521375e-05
2.509307e-05
2.478739e-05
2.461417e-05
2.421225e-05
2.406611e-05
2.393704e-05
2.376890e-05
2.363669e-05
2.350324e-05
2.337326e-05
2.324220e-05
2.311428e-05
2.298541e-05
2.285941e-05
2.273258e-05
2.260836e-05
2.248344e-05
2.236092e-05
2.223315e-05
2.206284e-05
2.185769e-05
2.169870e-05
2.055884e-05
2.047578e-05
2.028418e-05
2.011913e-05
1.994791e-05
1.890836e-05
1.886787e-05
1.941004e-05
1.883505e-05
1.863841e-05
1.770297e-05
1.761730e-05
1.737523e-05
1.728083e-05
1.707343e-05
1.620012e-05
1.624739e-05
1.596606e-05
1.588812e-05
1.575843e-05
1.564643e-05
1.533595e-05
1.524881e-05
1.516214e-05
1.506395e-05
1.497815e-05
1.489511e-05
1.465834e-05
1.453920e-05
1.445918e-05
1.436204e-05
1.428083e-05
1.420235e-05
1.412273e-05
1.404557e-05
1.396739e-05
1.389144e-05
1.381458e-05
1.373974e-05
1.366411e-05
1.359030e-05
1.351581e-05
1.344298e-05
1.336276e-05
1.326565e-05
1.314063e-05
1.304893e-05
1.236944e-05
1.232081e-05
1.220560e-05
1.210761e-05
1.200475e-05
1.138501e-05
1.136785e-05
1.123098e-05
1.116733e-05
1.104507e-05
1.047998e-05
1.050701e-05
1.033637e-05
1.028658e-05
1.019188e-05
1.011713e-05
9.932004e-06
9.873879e-06
9.820257e-06
9.754147e-06
9.700619e-06
9.645958e-06
9.593371e-06
9.539773e-06
9.488037e-06
9.435403e-06
9.384445e-06
9.332694e-06
9.282455e-06
9.231519e-06
9.181951e-06
9.131775e-06
9.079641e-06
9.012326e-06
8.926922e-06
8.865217e-06
8.405767e-06
8.373961e-06
8.293692e-06
8.231267e-06
8.157663e-06
7.737772e-06
7.735193e-06
7.633606e-06
7.594523e-06
7.506661e-06
7.125589e-06
7.154398e-06
7.026053e-06
6.992332e-06
6.938936e-06
6.901602e-06
6.863578e-06
6.826754e-06
6.789323e-06
6.752976e-06
6.713298e-06
6.664085e-06
6.602363e-06
6.555602e-06
6.215797e-06
6.195515e-06
6.133513e-06
6.087389e-06
6.032556e-06
5.723144e-06
5.722977e-06
5.645027e-06
5.618859e-06
5.548536e-06
5.512259e-06
5.424269e-06
5.392393e-06
5.363647e-06
5.326521e-06
5.296492e-06
5.267836e-06
5.238390e-06
5.210172e-06
5.181254e-06
5.153439e-06
5.125005e-06
5.097562e-06
5.069574e-06
5.042481e-06
5.011868e-06
4.976132e-06
4.929388e-06
4.895176e-06
4.641290e-06
4.625733e-06
4.579913e-06
4.545001e-06
4.504511e-06
4.273473e-06
4.273514e-06
4.215044e-06
4.195512e-06
4.143234e-06
4.116229e-06
4.050120e-06
4.026360e-06
4.004832e-06
3.977141e-06
3.954635e-06
3.933286e-06
3.911226e-06
3.890200e-06
3.868543e-06
3.847811e-06
3.826523e-06
3.806065e-06
3.785117e-06
3.764916e-06
3.741752e-06
3.715337e-06
3.680311e-06
3.654882e-06
3.465213e-06
3.453844e-06
3.419386e-06
3.393383e-06
3.363026e-06
3.190578e-06
3.191372e-06
3.146807e-06
3.132206e-06
3.094183e-06
3.074023e-06
3.023587e-06
3.005931e-06
2.989737e-06
2.969178e-06
2.952287e-06
3.739595e-06
3.386431e-06
3.196063e-06
3.160687e-06
2.927409e-06
2.899478e-06
2.862043e-06
2.837791e-06
2.806043e-06
2.653019e-06
2.660130e-06
2.612550e-06
2.599505e-06
2.577518e-06
2.559162e-06
2.506236e-06
2.491791e-06
2.477154e-06
2.460793e-06
2.446194e-06
2.432630e-06
2.418396e-06
2.405082e-06
2.391172e-06
2.378084e-06
2.364466e-06
2.351583e-06
2.338230e-06
2.325535e-06
2.312426e-06
2.299906e-06
2.285938e-06
2.269018e-06
2.247838e-06
2.231510e-06
2.114327e-06
2.108760e-06
2.086050e-06
2.071032e-06
2.051259e-06
1.945668e-06
1.948552e-06
1.918552e-06
1.909537e-06
1.889432e-06
1.876942e-06
1.843047e-06
1.832469e-06
1.822273e-06
1.810056e-06
1.799582e-06
1.789896e-06
1.779655e-06
1.770116e-06
1.760086e-06
1.750680e-06
1.740840e-06
1.731557e-06
1.721890e-06
1.712722e-06
1.702850e-06
1.689956e-06
1.674793e-06
1.662334e-06
1.575967e-06
1.572677e-06
1.555006e-06
1.544433e-06
1.529171e-06
1.451049e-06
1.454374e-06
1.430752e-06
1.424022e-06
1.410628e-06
1.401288e-06
1.374596e-06
1.366841e-06
1.359110e-06
1.350198e-06
1.342327e-06
3.346518e-05
9.378236e-06
5.582389e-06
4.375400e-06
3.795167e-06
3.268736e-06
3.010675e-06
2.781218e-06
2.454539e-06
2.213931e-06
2.102575e-06
1.695508e-06
1.793015e-06
1.646234e-06
1.629262e-06
1.615678e-06
1.601268e-06
1.585627e-06
1.557557e-06
1.535601e-06
1.522698e-06
1.512373e-06
1.500964e-06
1.488682e-06
1.464824e-06
1.447238e-06
1.436517e-06
1.427087e-06
1.417206e-06
1.407080e-06
1.384258e-06
1.369787e-06
1.360525e-06
1.351373e-06
1.342475e-06
2.982226e-06
1.673634e-06
1.539397e-06
1.486417e-06
1.443599e-06
1.418395e-06
1.392208e-06
1.371982e-06
1.339507e-06
1.323842e-06
1.245247e-06
1.250102e-06
1.226862e-06
1.220403e-06
1.210685e-06
1.203504e-06
1.196809e-06
1.189798e-06
1.183217e-06
1.176027e-06
1.166844e-06
1.156033e-06
1.147101e-06
1.085748e-06
1.083860e-06
1.070982e-06
1.063801e-06
1.052773e-06
9.981254e-07
1.001353e-06
9.838258e-07
9.791101e-07
9.710026e-07
9.644769e-07
9.446585e-07
9.393625e-07
9.338588e-07
9.278132e-07
9.222672e-07
9.173062e-07
9.119015e-07
9.070162e-07
9.017372e-07
8.969198e-07
8.917536e-07
8.869982e-07
8.819342e-07
9.605135e-07
9.001188e-07
8.830650e-07
8.723014e-07
8.640751e-07
8.592072e-07
8.376613e-07
1.252757e-06
7.857629e-07
7.796412e-07
7.691044e-07
1.672508e-05
5.507844e-06
1.369523e-06
1.096064e-06
9.448407e-07
8.859077e-07
8.602566e-07
8.333303e-07
8.150633e-07
7.961424e-07
7.625744e-07
7.395708e-07
7.283051e-07
7.199451e-07
7.090597e-07
7.011904e-07
6.943171e-07
6.873660e-07
6.812500e-07
6.750230e-07
6.695006e-07
6.638482e-07
6.587938e-07
6.536006e-07
6.489176e-07
6.440939e-07
6.397078e-07
6.347946e-07
6.290614e-07
6.223730e-07
6.168089e-07
5.809844e-07
5.808867e-07
5.728381e-07
5.695429e-07
5.628072e-07
5.333987e-07
5.366402e-07
5.255096e-07
5.229383e-07
5.188315e-07
5.160671e-07
5.130365e-07
5.103061e-07
5.073403e-07
5.046415e-07
5.017346e-07
4.989877e-07
4.951002e-07
4.902192e-07
4.868247e-07
4.612802e-07
4.599217e-07
4.548982e-07
4.521273e-07
4.473242e-07
4.241419e-07
4.259623e-07
4.183399e-07
4.162102e-07
4.130875e-07
4.106875e-07
4.085394e-07
4.061885e-07
4.040617e-07
4.015537e-07
3.986192e-07
3.950479e-07
3.920818e-07
3.715629e-07
3.709773e-07
3.666400e-07
3.641007e-07
3.604883e-07
3.420734e-07
3.430694e-07
3.371726e-07
3.356042e-07
3.327687e-07
3.307329e-07
3.238802e-07
3.221298e-07
3.202147e-07
3.182046e-07
3.162531e-07
3.146241e-07
3.093266e-07
3.070791e-07
3.053463e-07
3.033050e-07
3.014748e-07
2.999278e-07
2.981450e-07
2.966135e-07
2.948731e-07
2.933559e-07
2.916537e-07
2.901498e-07
2.884825e-07
2.869915e-07
2.850527e-07
2.831503e-07
2.805166e-07
2.785412e-07
2.639933e-07
2.633729e-07
2.605360e-07
2.585343e-07
2.561904e-07
2.431101e-07
2.434459e-07
2.396533e-07
2.385630e-07
2.360833e-07
2.347321e-07
2.302322e-07
2.289800e-07
2.276426e-07
2.261861e-07
2.247944e-07
2.236602e-07
2.223078e-07
2.211838e-07
2.198664e-07
2.187516e-07
2.174656e-07
2.163595e-07
2.151019e-07
2.140040e-07
2.126564e-07
2.111254e-07
2.092862e-07
2.076933e-07
1.968844e-07
1.966511e-07
1.943093e-07
1.929539e-07
1.910569e-07
1.813738e-07
1.819003e-07
1.787571e-07
1.779428e-07
1.764716e-07
1.754811e-07
1.717416e-07
1.708462e-07
1.698074e-07
1.687770e-07
1.677130e-07
1.668655e-07
1.640547e-07
1.628939e-07
1.619559e-07
1.609027e-07
1.599071e-07
1.591157e-07
1.581484e-07
1.573622e-07
1.564203e-07
1.556389e-07
1.547198e-07
1.539431e-07
1.530446e-07
1.522726e-07
1.512241e-07
1.502290e-07
1.488674e-07
1.477979e-07
1.400989e-07
1.398278e-07
1.382856e-07
1.372108e-07
1.359791e-07
1.290795e-07
1.292497e-07
1.272265e-07
1.266606e-07
1.253586e-07
1.247124e-07
1.222415e-07
1.216014e-07
1.208721e-07
1.201255e-07
1.193623e-07
1.187859e-07
1.180466e-07
1.174729e-07
1.167549e-07
1.161837e-07
1.154847e-07
1.149159e-07
1.142342e-07
1.136679e-07
1.129360e-07
1.121314e-07
1.111891e-07
1.103195e-07
1.045908e-07
1.045244e-07
1.032410e-07
1.025119e-07
1.015111e-07
9.640248e-08
